32300132
31609137
28519997
40006219
28158738
30450399
32682876
47618823
41187296
40215216
63685464
38023871
28034646
33971087
30851464
32338659
40677086
59145661
54056268
52515361
36706429
26655752
28005134
43210387
41190333
64639030
50519147
28909583
41601197
33204391
48143889
30681468
36991399
28587698
28843931
44987555
57017747
43036156
36531671
45985827
57828602
56066534
61339014
37789925
33067664
35765440
43523646
49540139
34007692
45858859
44562305
55117392
42079539
47395171
62915484
31631038
28948716
31662079
47130689
33359426
29539399
66167634
41035869
57406018
64902078
28893183
29896672
52402653
46320374
27931098
41665345
57685567
31859154
32172780
37906012
45275362
59923581
28905810
60129097
46003212
64885074
28008585
41146267
31173352
47822349
47737084
52709147
65916070
37882477
32815712
35544667
27648634
31215418
43125429
42075409
50126432
28833622
47753068
49401756
57787483
60686259
42644319
45319021
51502717
34520784
53680955
50343279
56058392
39357459
57487568
58018167
47868272
40657075
61001744
59636856
45308963
39551551
66085180
43036307
62225239
65894176
28077309
43006556
26278028
47686318
53034769
54957905
58395921
39586277
44510445
65570580
32443697
42618450
41227212
41932806
46606559
45847522
43694366
49247879
55082486
38213453
48657718
41421107
32352620
50890373
66205477
56528652
46629769
58249193
31790411
65116716
63348069
44775806
62535149
33988960
62113457
58357421
63646567
65208044
26942873
51488888
51935138
44056408
49106852
39229365
65854559
34532606
45525533
28648543
64728534
41207306
45759964
64391055
27468243
44607467
34535936
49588287
64199782
64734042
41358835
54510346
26614531
45605054
48218390
47824987
54036921
64902016
51165043
40658487
39648667
57614924
60125509
34195219
55540192
54217705
64148408
63861322
48406077
43436473
55204816
55699848
57352387
56897524
58073069
65545236
64510011
54618158
48074447
27076607
46900537
38833817
54591765
57857832
61127081
51736646
64187018
31866620
27841657
63501380
54267665
58568015
59446500
57930311
30288782
63300111
56676553
51232284
61364856
61666078
66181376
58242147
63319359
65170536
35626006
55573639
41029772
53421617
66038087
36818944
27029860
24109062
45311896
45796365
53137532
37735614
59232056
62069793
66001426
62813784
65858051
62685508
43225020
47623432
50775770
55194085
54887383
32039190
58469070
57403939
47486147
37726317
36333789
57852563
48226014
45373573
54293155
61854755
53025265
59711292
34747464
49913846
36335342
28799372
39946430
43828013
32730714
31624743
23440793
41682820
51338579
36380094
39827244
30823880
52031002
24847331
62869446
20698384
40764938
53115999
31492344
46393890
40921712
44089525
56232556
33613305
30418966
30423786
30795600
42879098
29672373
32021676
42523354
38551294
32591985
31391581
32089410
51825063
54488127
37765586
30083833
40203559
49703990
59714552
49454023
57976042
33600606
33831265
42163975
41869672
29570781
53045978
49059983
36191749
30521247
65866583
27716654
30261815
57902478
53954053
38999422
50425910
36281585
43038332
50496879
42243964
40707275
41744878
63526813
38585599
30406852
32576875
26429356
53056925
35823029
57593717
47629596
55314407
50343130
29901338
44189288
36936221
28354693
42954008
41852283
62817320
55184864
62188434
32138814
34460015
37267060
57174539
49339843
30590341
21117702
43421100
45132283
36415348
65031642
29606017
64984856
31193408
37387262
45446237
33859266
57686549
34845546
55625001
31174688
57158569
30518435
58929127
56370397
48144646
55808054
34621969
40951538
59628211
42282667
32107500
52186159
63962604
44343818
56467085
62875622
64602936
42162151
57928209
51678275
53440321
44904677
65316570
65533516
49300241
61111543
47133648
61371710
62373428
59215169
29805958
25619647
42745363
57342676
55056232
61907150
59373165
51511114
37799454
40877109
66137457
63864208
32263184
45255478
40032934
46027701
66048033
64002601
64348004
55423382
48809407
42335840
55752610
63192441
63980290
42735801
65578540
64612490
36543836
49336005
39693063
61405786
52718513
54265184
53801429
44980895
59206070
50759319
52093493
58011586
63428868
58577762
47745883
53262644
51819892
49077797
63378620
36279582
27570978
62251227
62899029
41034046
49273965
65968762
65076546
36667723
56391687
39296039
43301090
26942358
59593989
64257293
37300411
66104335
58157680
51572329
43069178
48117710
65472436
56306074
60735831
41172403
38193085
56156814
55820491
65374292
65226641
64841409
64168088
60025328
55859983
56049418
58346865
66241288
28552334
63635124
54543286
54931890
65920550
65810592
40896419
57991717
53600363
58043281
54596442
49806352
65133433
50935130
56619897
37509459
31858057
32811897
50761494
56411645
61623518
64813824
63513368
36138477
32416302
54322391
61355940
60971041
51385381
56246436
58088362
63209560
48329804
62842375
65557312
65972577
51330147
61163510
63349594
44456911
42605042
35524499
62226888
65258521
32554336
56095637
58683326
60925241
51146409
62069043
58698889
51108873
55610608
55321962
60367888
60481587
63628313
55468845
51329458
43150295
57841038
57832526
61082276
62655187
51867505
45505607
60515999
56883232
58152490
55872440
28258548
33204273
36379242
41179659
51704063
61898884
24574741
50027822
28597380
42807679
30532628
53769176
28469667
53871579
58049711
33600843
50111949
51118023
50949379
36759472
58364807
53835730
34717001
28194335
47193584
30569358
56060983
53405287
27224927
48717833
53686639
28776630
31597416
54115451
52124007
49341520
20993909
63465672
35649968
48610593
65481548
36233193
65173868
36184843
27219258
31568177
37993013
43323250
63759800
52197812
49924247
51349577
49834414
57467555
42676541
56005131
50655781
43991870
52239075
52174925
40299671
55159003
61303259
42812232
52203375
32591523
51847257
57225328
59022234
37720075
47092072
54553139
30689373
64705654
44904214
63120155
58559969
32674398
63404914
26256769
53999600
56722409
45330410
59065115
42358738
53071283
48288640
65284043
54962020
53947975
31621567
58366511
65474162
65385059
59602297
33018591
57365603
62622438
64921525
31567708
60697379
34658296
63300846
65682678
60299960
65477659
44748656
64046922
63525018
60326109
54677673
54466319
60580754
56245854
48596087
51027517
43552480
47879856
56496044
58759440
54884678
65511496
29111317
41731700
39067812
62205437
63628015
40668074
57831928
40814832
46970966
66219238
65916854
64311263
54490677
33562359
62062717
65754155
60023399
61043888
61705663
54993331
35734306
56331710
59389499
64865035
65572894
51805406
51163284
66222370
32414567
54504779
56691225
61853531
61085166
64930804
57487716
60660277
64732701
65957980
64290557
63370075
45530445
57341010
60329554
66042585
47961805
59116374
62452717
62767302
60675347
54543522
55406890
42734428
62620193
65059364
56552125
64528913
63661776
61150976
32804678
52544921
46287818
60788168
66234046
65453063
54167114
31576555
40091161
53803915
52752259
57339201
65040091
53785538
27856991
35626122
57225055
54849928
47248268
29526058
55748962
62232753
59940804
37836212
61174395
42358389
42427572
27118398
49093090
57815212
40687955
57637354
44835712
50090553
53330556
60431147
58782928
53990135
61978903
64627891
32505429
48107473
65577163
31620888
51505176
66198228
58138961
61728886
61659671
42030833
53230295
37075674
32175475
54715300
61560298
43167052
45473260
59300309
65059415
62603012
63131868
61808341
38379479
61851916
66162034
59383228
61169258
66187643
65432762
62820790
56762179
61370368
43532275
60611296
66162422
64811159
51969236
45786768
62627760
66146029
53751034
55151418
37635983
46015933
36016819
44210486
52494215
61953466
57530536
61288606
54118745
37247657
31768556
66171697
50535022
65986510
63106684
48028209
61398171
61884836
57839662
55496176
36980829
33020441
53917610
65025540
848
