32300132
31609137
50251487
17490716
40053550
29861388
33734640
25730586
32682876
27589054
42637911
41794800
29837398
27785671
30768063
29781331
43590162
50946525
28108689
42028470
39355984
54926005
30416320
28005134
51079507
50740632
25184314
31252851
30422177
40325690
28654978
49997429
65127499
33857631
31141363
62659221
35712298
38043201
42397056
41849854
41250915
27790168
27891795
35700441
50566942
30499892
32879649
43330616
43428894
47239301
39550758
28820781
31640442
58968488
38626644
27318076
33090037
31089768
24291288
46333242
65769775
27612687
31606302
25407632
31641610
30421603
36117966
30435152
41264166
53485574
38642804
28122133
63721677
22188088
45273361
23465597
28264349
35038461
25654692
50547766
32486866
65520042
32194269
25192915
45822602
29745134
50221148
64520630
29580295
34696554
35984589
57456244
60368514
62605059
29457617
30252054
35249309
39421005
56238529
53507627
60254478
39089905
42106118
61027885
63865037
54382394
58057964
41270052
55259041
29818290
32100806
33074430
47764477
29217413
39395813
26803064
28131319
49046316
42541298
31238317
52838884
61314571
29415521
52046118
30868300
64198727
57730654
55088647
61847200
37267201
50995241
26950970
64040987
60570387
57980697
44081272
18623669
58240646
44747543
34365935
41931435
46582039
59164687
28142316
28640286
28574458
35050159
31901040
41417057
30782309
40568130
41995598
42392250
60905826
50236150
53648396
57795545
48893006
53462729
65380891
26328898
39907955
54401604
57036513
26953420
18499830
65266935
59540064
57825375
33133329
59231035
60570799
22000230
36949184
30250263
56728860
52267575
58422765
62085032
64978318
66133194
64063687
30219549
33727808
27519454
52451313
64519660
32146717
35952391
52572460
39701253
54460475
25895398
39528320
60094233
59460707
63353714
34239478
26963430
65964669
58469240
55573859
56892470
42648207
63916190
64381680
64636650
32062866
26705277
41630290
57048384
57939688
62588973
48848248
41529200
33494959
57704706
60964731
60794121
62152299
41204134
46194930
58411395
65363640
27683435
33286213
37286439
57090758
60470430
61333827
52469986
37407663
25660689
33202211
38446217
50107792
51215773
27723433
45553304
56309924
66018298
31775915
33205952
26512070
43712228
59204868
66017394
27619047
28089695
58351150
61742282
62330718
56716557
66001901
29561696
27627252
39360127
62227107
65985081
32044743
55472742
62096365
60342990
58887620
63644297
46253306
31666603
46344803
48017293
43146645
64760544
31051980
38015498
54370530
43223497
56411142
24292831
24162518
59438993
64850480
39734842
43072710
46202681
64769867
42888440
52025655
26192564
31403723
54329200
39946430
47121985
26080157
42503296
35651279
39827244
49174630
24847331
33541492
63517250
44709632
49292404
24542064
39356633
33807396
33613305
61854572
19213494
51199272
36244762
23859866
32089410
50351879
31240091
27020952
41409127
47996700
32603817
57692768
39339419
53873375
36191749
30521247
65866583
57902478
27754877
26954804
45745415
61223234
30770608
29975854
39127218
42243964
41744878
30610493
32685622
45833618
54341465
32145163
26784654
48613350
23328702
46653488
26220655
36511141
37387068
49183195
44343166
34605666
50343130
42583027
63843906
28354693
40544020
45713314
65510790
27468558
61538639
62817320
37053567
65866494
28525270
29579944
42613798
57174539
37366203
32981382
61159541
21117702
36154246
36415348
63785170
29606017
34704612
64984856
55151837
52043578
37387262
44003622
57442885
61446984
59438659
41279626
59306592
55157003
42534757
59091727
57158569
43839941
54238520
52717989
61477993
63608083
35772635
41738049
33189281
54375052
62390590
44178168
64602936
53972440
42162151
61132815
65739365
41664099
42564300
48850807
53778257
30330697
57797677
61371710
51222712
60751372
56463637
54503120
29805958
25619647
42745363
54757677
60822978
61106587
62374326
64621198
29983088
40877109
45255478
49093143
66048033
34564944
36565833
49299043
55423382
52327942
63192441
40455974
34520459
41786651
58207846
58030348
44442861
37947764
54124341
65279265
30355949
36645452
35928234
53788733
28174681
56198573
44980895
55285018
59206070
60029939
65405709
28154563
50759319
52152052
30728254
27732042
65625748
65675881
65622779
35521601
43875165
42538463
28183972
65624661
57643908
52793177
52132686
60177810
36279582
27570978
30960970
45899182
62251227
41034046
53566761
54229893
46436434
58685160
65736855
62459931
39296039
64257293
27065655
50880109
59522097
37300411
52919684
53465548
66104335
66056879
63513682
60583451
56420444
58157680
41780024
41880315
48117710
48255263
63147602
55902644
24750369
49164343
37429233
56306074
65641458
57214992
41172403
55820491
60143445
58358439
57507107
65226641
65350257
35517514
43454783
52636850
26959015
60050584
60945441
28552334
52166060
59491563
66202501
43432722
52315349
53144591
57991717
58897741
64100406
26219381
29714934
55892854
32811897
26190213
50761494
51684123
48711176
61623518
63193627
54322391
62000056
61355940
60720881
63422304
28627673
64609019
42743880
47329967
62842375
63766478
53950961
57233754
61674041
26581440
60409156
27275007
24853111
51571139
53868530
49709624
60925241
62499405
23336092
25189453
45003170
48244647
49416082
41350816
60481587
62969038
62807916
26915970
49972233
43150295
39113799
60053135
58981039
62440972
65858144
44164826
62361624
56883232
43554679
33204273
35940068
46514290
24574741
43460483
42807679
28469667
26360312
33600843
50111949
53835730
41337021
30129270
50482130
56060983
31230585
54115451
27491196
51295816
49341520
40057904
20993909
65481548
37713367
33855809
27219258
37993013
43323250
30785915
27278401
56467686
61671460
65652212
43543407
53746310
50655781
65598011
52239075
49300618
64274964
55159003
40711139
48017290
31758933
53297128
59022234
29232849
41308549
47120299
32674398
53437716
63404914
64044531
38114271
39558633
52424449
53947975
47106978
31621567
58366511
65474162
59602297
15378530
36519622
53770884
65505599
55340857
32609686
40169498
34658296
41549516
51797033
60751127
65477659
33938547
54677673
38339755
56245854
65618771
66049801
48596087
58600530
54969421
51027517
58759440
61193571
65191296
39231801
40668074
51225281
26364310
36233735
49797411
50419093
61705663
65967925
35734306
59917278
65269738
28774496
57600524
65011253
24422139
54738085
56691225
59880262
60329554
66042585
28017569
61168863
39365302
60262298
60619023
61627860
59116374
44643430
64419954
63446602
47992794
63661776
52737608
54307368
61150976
65733518
65943869
39510541
60788168
49364267
56724730
52752259
38797960
45362132
65040091
58459643
53785538
54222905
31353960
29526058
55748962
59940804
42427572
27118398
57815212
40687955
59482289
56866539
47684832
30932622
50090553
66082476
58782928
36597987
59797644
60688816
60801133
63408646
64627891
65577163
31620888
51505176
53025923
58138961
25233680
27213191
54788384
61659671
53230295
37075674
61560298
63034230
49745183
50390682
65370752
65059415
61578878
62603012
63131868
51834111
61881845
66162034
48486343
50915147
65432762
28185846
59121473
27532210
43532275
53685763
66162422
51969236
66146029
46015933
44210486
64130692
32401099
32258264
61288606
37247657
66171697
63224750
65986510
41431189
48028209
61884836
57347091
